12092486337
12567734777
14219467777
15417047602
16774124417
17233084384
19102253012
21329743224
23614570724
23813070896
26280778008
28589737412
31686675981
33258463874
33775397714
34739162362
38202628430
38621190459
40774372932
41243598379
41415806809
51389370778
52708942237
53783273837
56003973816
56410367210
57480422566
57491946886
67353580328
68536626078
69063442613
69874364170
71649998751
73320299735
73651673908
77780192153
80892247456
84334462332
86819626058
87023866790
93093765467
93175200740
94468009350
