10025310166
13544420967
18499857827
21928160912
22905269476
31374571751
31886780270
35051319397
35966652646
39924572900
41706386170
43750307081
45318605816
47884169216
49282479560
50384751324
51213385907
53009885915
53657820966
55028437652
58031536479
59809260822
61444590989
61642822229
63416046822
65876071209
66643517411
72819534464
74727863573
74788125208
75046188668
75525302819
78425202254
81595131066
82372533499
84904565924
88384416167
88943000336
88988541137
91707785775
95486310868
96053366103
96596813150
96954700489
