10829014891
10886300565
14909585623
17008004171
19773596371
20855153317
21566129790
23399430399
23799742357
24717952234
25590496285
26236324909
31256570062
37514231711
39818681889
43115718615
47397288543
47548258108
50059881229
50743408328
60877423478
61512609314
61589094927
62431360730
62776353011
70965981118
70978182761
71851591415
72297583645
73606386040
74859931402
78847064266
78886627126
82093064966
85567925817
85608610711
86791337762
92748267114
93110692590
94623318106
97298028280
97926639302
