11894959930
13336525329
15411219411
15572859063
16720406060
17694465998
20500641560
27854275126
28503026211
31980440249
32351708604
36395268334
39772856498
41309592803
41900491935
42172001603
42823481942
42995016871
43905064262
44269868223
44595211966
45221015178
51355510365
56861976208
57503817832
59640206965
63952537210
64840639072
68516085337
71290132343
71439972987
72305247768
74065603387
74086617906
78154187943
82655493189
86546611097
87391504425
87715214794
89203648288
90146799110
93615721680
96307476327
97499654575
98903285160
