10405528123
11172018537
13351633096
16350832802
18579479165
20538090476
20590452415
22680605957
22730005082
24274716322
24631834179
26494523746
30103636287
32446838396
34910869799
35511073034
38796317242
39457040608
39683761293
40328753162
40641047193
44564213349
45873309660
49351095671
49462582032
51378006724
52222794450
61954159252
68590424555
70940507028
72644262636
72739806271
73314008851
78043171815
79187667448
79819946721
82040712878
84210274117
86178763919
87179033871
90098053793
91096095888
91939458467
94458183899
96570954936
99515752618
