10061899168
11480483980
13403354881
15124215513
15165396988
16230062655
22085177146
23354506178
24176989005
31865665584
34505842336
36144359230
36770556945
41371909019
42138572035
44397098849
45450968173
46022140795
47909877952
48324028343
51619746459
52234212202
59365611321
63832235392
67401582380
72620730034
74225631903
76675447510
76922301691
79031296307
83649161551
83702133351
84225388656
85670371146
86149013757
88346064236
90417483690
90438320636
91322544175
91716946157
95765900297
98189997673
98267492201
99030997482
