10684252028
10696823130
12329469970
17229878890
17485910756
18689919700
19211985647
22849883528
23129576217
24632990682
27506557271
27782931901
29448145949
30433389466
35191245464
35379804447
37402224834
40810351815
41483435852
43565887784
50239085818
51590845880
51749226208
52349501631
53526199526
53949253276
56743075498
57009447179
58380177243
59159163032
60503662792
63397466057
63570474400
66961943756
69735527511
70449346248
71336173738
72825115562
76336738967
76445618179
77397278871
77907191506
80002941681
80626910073
82663035009
85642001920
90795913061
