10380624757
18395102228
19422321549
22817600062
23649595372
24990316822
25554876757
26637104474
29784546009
29865335180
32851763635
34813638019
35368645585
38189828992
39262163260
41445364331
42335356904
48263077819
52026794356
53516365484
53617625279
56333011566
60958111275
64998821373
66615205763
71538033072
71649433324
72730359886
77129907268
79769202438
82505079682
82776208482
85314269518
90057887198
91097371819
91164913711
93240180430
93520520745
94461581951
94929198454
98500851780
98838804790
