18708275460
22457432462
29254525126
32231171729
33116809047
34859622992
35848277053
35848528208
35980215246
36102242666
37822941346
39423380596
43900518452
44539263259
46153131537
47366370508
47469088023
50748232632
53469599177
54109595072
55486518717
56592413862
59206411930
60789712075
60948197542
61298315693
62314861495
63153842454
64701806365
66235183977
70229530309
73868560226
75198155894
78255113290
79277956645
80260676411
80320339582
83213911961
83984204598
87330072347
89848777404
92134942918
92303004512
95222259326
99117097942
