13885254579
15450386470
17184980404
17283078531
18995251144
20773342894
21098801544
26415302765
30113298311
32248357957
32828156453
33599963861
33770968068
36159235129
40224426096
41055802248
42151380468
47601326525
52403670537
52456701352
53831688807
53955572409
55340759932
65117617448
65424833996
67753931775
68699646016
68798346912
71140155235
72554357345
73668391072
76903156192
77972164491
80640650448
81028310130
83236547029
83292224123
84097701118
84200219681
85286418286
89028969155
89467639030
89750795441
90007287679
90550236735
93884880069
97339666596
98572620088
