19676776651
20240418887
26628700429
26762304617
27617962214
28232501240
29837338759
31773034290
32960394647
37784707360
38323791852
39228863140
43068568622
45740422174
46495828899
47150909537
47582914845
48505256146
49525128181
56872874060
57433733826
59047214500
62456604403
63345224064
64382125626
65145203120
70735166544
70762564389
71389811215
73494545119
73530212341
73561980522
74259690710
75203041025
75737512057
80291922282
82848621329
86095573190
89642788792
90988704690
91159474146
96630608216
