10725744605
14226764866
15184774261
15710742803
15863773654
22908656226
23205290823
24295715229
27050210494
27631703070
31457744300
33198739736
33682680681
36121795810
38193231441
49118424991
51556859691
51653538638
53520749625
55081053907
55563273744
58089039078
58541579531
58781646591
60202193837
62853911320
64181132621
66151620278
68005068631
69742496325
73159462857
74280437226
81044586113
81939522654
82208725653
82693828592
83298825050
86706550228
87216651423
91308587700
95355934730
95524577255
