11083056413
13654825907
15466622118
15941364924
18205963810
18885358160
20611483278
22687664183
26054252122
26490472587
32451589830
32655809091
32706544702
33582499921
33690671930
33945997486
34096382527
34511363734
36082882932
37375098945
39027544218
40032334224
42741073042
46609212472
50483989621
51976756491
52448073935
53670563625
55369845389
57233115265
64180709626
65267740769
68106478094
70028619993
70617591867
73811311376
76119187485
77283870891
80837583644
82563489886
84001334565
88239029993
88350459551
89017190353
89404376389
92843939046
