12452145272
13556606513
16847568901
21066002501
21964013604
23364762266
28387069402
31754069351
32354885423
36367112156
36446426864
36719997896
36877729554
37802828412
38185522210
39721703495
43254222320
43881300942
44458129816
45634955685
47894493483
48294212743
50210446500
50379690916
52427787533
56016032760
60158721152
60743284038
62789422403
63043361511
63093489091
68220942090
70833591456
73114827898
76963434230
78230342886
78389173014
79459433593
80597637686
81095491042
82791888801
87615405720
87811903775
92620269931
96610461520
97547241497
