15064910191
15235527798
16138695060
18161839250
19450290644
19463860585
20267484187
21403410024
24827004302
25737424705
28816799200
31990556771
33635820369
34237375923
34300072439
36132577698
36683929346
37579995880
37735691632
39477022494
43686487180
43762011780
44039164501
45363937955
46483611977
47405338144
47700232569
47704141412
51096663012
53062619090
54627619805
56285075731
59114951576
62266331601
62850987687
65479577381
75638719716
76386189910
79748836551
80456250493
86991472809
89924541109
90570492570
91782438946
98653323911
99988939664
