23298586327
24060057821
25352782935
31843152770
33518366253
35340067493
35845175588
35896712664
37741961564
41335003373
42607220418
44674991729
44676225424
47689635267
48908033694
49076370902
51347425848
54300968090
54593389456
55128976113
55999703212
57866694981
58556620503
61993839742
64137341448
65679649497
66972213546
69236126643
71889125119
75496446775
76753591804
76986664253
82449695314
83220722761
83598887662
84445849138
86913926101
88327732481
94813122749
96161683694
97144390826
99774243687
