12025882926
12941894447
13883704377
19291749330
22922711121
23555005775
24612536518
24817391896
26470289621
32556072352
33447712642
35543154946
36692305220
38758825686
41705930319
49698761199
57232208367
57865602867
60596142390
61840531628
62214006053
64044275881
65180976003
67781272686
70083668103
71158180560
72638152718
73546730249
74260663840
74573281627
75749993842
75812735738
79871157273
83254447185
84609665407
85218406977
87625303884
89457347309
94783603058
95781375491
96892001486
97545894537
99112308800
