10283668088
10422827236
10686742931
13318032232
14057081020
15588572594
20062187413
23386989490
24138513423
29752181655
31489976785
32194542562
40830282528
42569539233
46821656024
50596629024
50871483882
53161009358
53323695223
53867780243
55361637867
56780562302
58485602965
60318186926
65425103415
65545791362
66498637773
67319535725
67447813470
67906946293
68013178572
69423824286
73707494682
74573458651
77365836795
79006409295
84305544424
87254907769
91694316382
92188549534
95650089101
95834979245
96554680909
97601446914
99048677243
