12178347135
14034834854
15225064811
15269731469
15432511943
16507076939
16731420092
19272761895
19697808188
25431439751
27538146905
32214268017
33226199714
35944353116
36118317235
42218500791
42718948014
43237202480
48080693577
53086281108
54139511715
54782555080
57261546566
60408374791
61005644907
65409971446
68221117190
68311823285
69684865292
73437683793
74736624090
77508230325
78022343784
80349446806
82319738506
85529418812
85853980170
87360765505
89257638269
94120745910
94750914237
98904431363
