10181445865
10787690081
10927977183
15926099375
18937721287
23750900208
26426939479
28618273428
28913129615
30027761822
34685982778
35326818808
35853142577
37868875876
39334313994
42715690296
42769769696
46510376581
50009226620
56318839336
56449767313
56659560606
62063280411
63176957711
66885268900
67993027575
71126334243
73672673621
73814658307
75039118955
76718008887
84100795251
84911073086
85182433371
86362226043
86511214316
87659898723
88289000065
88495267521
90728442928
90745977537
94882695455
98019797419
98390715616
