13344095991
21534691682
25194584954
26001588525
29914764450
33970904942
37434362316
39930165860
40085976153
41130803530
42009408626
45176922511
45301824671
47946403866
50119756309
52484713339
52861733857
53038000769
54971091440
55777063135
56968002434
57200861597
57455473259
61660407863
69442663749
69465107754
69748186033
71931825097
72979390217
78306141057
80803049175
84030357979
85617104915
89127548902
89684207471
93165791218
93719384968
94085606415
94665260108
96861871051
97844465450
98911286658
