11269137899
11358211069
17080245441
17493295335
17871675005
20063174822
22089505284
22532727924
22837954631
24532238458
32768287608
36505526483
41639101398
44152356000
49789371681
50456257755
52529381673
54807945582
57138302030
58311933589
60555919929
60636708146
60847659393
65242342584
67238792004
67393520140
68414112007
68419179237
69767880504
70581403443
72804194114
75946740235
76231790748
79006033345
81259899688
82041587685
83513652466
87797319561
89416149022
89438397476
91059125631
93129317326
93731794888
95817176190
