10951830184
13203048578
13660960138
16819633428
18692510902
19177150149
21141902868
21163652358
23484559344
23959118934
25872167723
27973439027
34595013380
36649106416
37577933276
38261048350
40553080172
40628183068
49801426236
53251438054
55876457981
58207270333
62459976693
65612683783
68293683808
69391511818
72640770653
80702829113
84213648397
84757947206
91451817431
94982202467
96693272081
97590298562
97787566406
97843991685
97904371051
98339556035
98484866726
98504333317
98814305673
99584016350
