10975777527
15132233177
17521075605
18291911348
18505775047
22084070290
23449419590
24342361905
26421032876
27235576823
32106010402
35267630384
40680484980
42111163445
45329663719
45957531135
49287363417
51883295633
56864413840
57755980227
58127203308
58443471549
60159528509
60892784787
61120322548
62851255181
63601202854
70954858974
71568636668
71912764576
71963911470
74371964409
74714061302
77816517308
78166491571
79054195795
79347478528
79916759421
81386439443
85555217509
85822309136
85951965358
88800533103
89285201983
90432509985
92981514220
98517260871
98921341257
