10386586516
15773123569
17006994397
18739432869
19985991144
22067921214
23617372770
33181193962
35339323293
38639901622
38903451084
39993748476
42272850143
42651678470
42671863027
46099787874
52207696424
52410386880
52703426889
57400293049
58729052877
59660725153
60563105942
62129357166
64165451679
64409873944
64627383099
65030305690
67759624927
68101133382
70128967636
70354511219
70389248991
76669176701
77929851479
82544992367
83909209324
88188037147
90614134594
95205536596
96191097227
97960034788
