11062696870
11798051250
12847969222
18709316058
20430560065
21453702204
22630230619
25016709294
28138156249
31012431083
31172140668
31502904073
31784388141
40358159811
40779231333
51414087417
53292600036
57368698617
57553506242
57813763398
58757425147
61531154726
61689626573
62161714871
62444942446
66053323142
69453057062
71461251286
72248494827
73259229621
79399505867
79740606043
81423205652
81631443843
82085377940
82873624518
85949073183
87435014898
92366203112
93808033188
97309859877
99077637246
99279888902
