14713200438
16233968935
19078428240
22348106154
25122053714
28767886464
31245521743
31534395896
36225666745
37938397119
38146244927
39834707724
39942809916
40149486137
41631487837
45205155343
47244042223
47254867633
47456561607
52287140853
53073694859
53713744465
53971718425
55594941732
55745182279
58687261193
60968901607
63277544323
64594129510
70748393819
73491342598
82551863962
84382811542
85216657446
85370565929
86178851909
86983671189
91702947188
91792011592
96264748448
96537960915
97129305424
97788857540
98705160460
