11790238037
12380588431
13165938736
16737447724
22777544274
25954949250
28520219263
32377525503
35881170420
37206092692
38154872704
38882435348
44279424307
44963310073
47532133602
50961125507
53237101408
55137110435
56077429767
56989783724
57159048272
57699377450
60135016330
61028859552
61308455305
61984109052
67752149369
68422515354
69758456820
71244907352
72487866489
78665078548
79899306349
80591688921
81764255929
82030767456
87113466996
90373221727
92790613777
93795455054
98427825877
98596133423
98799201917
