10854610857
12876355110
13878489399
14951956660
17609620995
19206827259
20483263202
20542411674
22004586624
22832647306
26663562362
27851895341
28415336247
29024382159
29621660633
34971397189
40322672631
44209232279
45738110995
46097474970
57016277219
58358355342
59727380920
62246033005
63423364427
70021576768
70431037997
72505545775
74154804351
76783431464
82730606858
82841521673
82984686628
83171824203
86804629539
87224694707
87905882847
88616632522
89299983273
91512022901
92461534899
93664857453
