10918412779
19654390920
19916962377
19995170718
20236565600
23153599744
24857498806
24950987208
24989414680
26872491046
27676267207
28594608585
31816863326
32519224408
36187449403
38304567300
41990945817
42268185976
42715937471
43554596012
44037050999
45599013651
50493450411
55044335231
56056403477
57826384115
62413807695
63860739715
66804604630
67574836789
76792305768
78964202544
81827136111
82851903097
83531430573
83549436515
87671065704
89122524330
91777568926
92227777528
92584848635
92622572218
94593715230
96524360754
97474331712
97605448372
