11464806729
13536164397
14673505153
15177505730
15184601035
18837746259
20612022334
20838179634
22012975226
24654075982
26375131470
26411742825
28919386477
29231863438
30714688712
31028070954
34950839097
39269088580
48093308451
49757180790
50452739065
53019696288
55784776958
55887176444
61048167979
61688984272
61984922446
63126080371
63181298319
63583883303
64845339462
67461800045
73466847053
73622394490
75446384632
78928401434
82473200746
83156767593
85989934903
86495493039
89008808479
97766453006
97883558580
