11063807170
17101328008
18817876884
22278365212
22587768425
23210343363
25807987211
28275868371
29309331847
29493702825
30533074003
32482701560
36248109179
37734872960
39931042550
41705054975
42324117482
46444879127
48568920885
50994321011
52475443973
53841412746
54199225188
54753057332
58089199480
59503719426
63387151729
63433715819
63480828339
68135830599
68257173138
70047130611
70481446005
70631038393
72802654602
81663816666
82826368784
85053054692
87133930428
87138494228
94195405173
96793787140
99542284674
