10372994971
10493437546
12873739765
13460173050
14799404682
21292072541
23105278133
23252442774
25739012079
26639585859
27796842539
28254515416
29566104691
32306970423
32375978477
33694075671
34695811625
35861825229
38810704508
38970157673
42007174271
42192829510
42441114390
50422023931
50975331147
53631581115
54032990947
55703606281
59837214722
64073989005
69889034780
71542108498
73177474228
73600226783
75094516524
77185648366
79124015520
81604489141
83999526469
86589570343
87240581431
88561376938
91233395862
93093202781
93620832751
