12288583134
12662442448
14487773841
15839220828
17281382194
18108343857
18439731729
22401136917
25574602228
27680000960
28338948947
28763065755
30672480041
31649608863
31679336661
35490431002
36598093898
42151636663
45578177945
49752131470
50922608574
51019529292
51294142851
53736895463
56499410623
57626381197
57967673512
59254305624
63363769426
64472816693
76113721729
76855130645
78672277131
79668229351
81077014138
81319416595
81507481681
86051353344
87906445480
89929141759
90242203851
92609420549
93602522661
95185944289
95403156672
97863834743
98939744683
