10050323269
11873716963
13056246697
15680613025
18180305624
18975895030
22776240617
25558441397
26021202480
26464439159
27506450883
27890086155
37987968357
38918197544
39966703454
42809234746
47061264720
47793290479
51794668658
53476889727
54473640869
56393151382
59652124459
61858280493
66773924350
67223261474
71327884159
73696394933
74339704450
74473732033
76396635115
77223833529
77308828107
78038322207
80653645143
84333541532
86120505038
92619800015
94318801089
95796116409
99151105558
99744417079
