12707233983
13155875243
13471297982
16151991411
21466579710
22285286974
22506616350
26565788367
27284160349
27924387492
28051184744
35540817899
36581670984
37212438530
40954136428
43332604031
43575489116
44221045077
47308138448
48987833773
50267725717
52467863974
57941504163
59747694454
61940075344
63949870593
68593185708
70272296395
70890550526
73282727623
73843453801
75244186610
78890214165
85724782993
86133698644
87627152306
88282018108
90801295510
91728130852
95202143908
97827052736
98122217334
