12769902230
13758629816
17248770679
19963789482
23611336130
23753628385
31289757821
33738569609
36408721801
43266790571
43295582501
46772286276
47832798578
50150341286
50613151932
50920457636
52246333372
54623693824
56150458205
57589062634
58525885257
60344856541
60799910185
63139064189
66224973214
66263297275
66484552680
71002404691
73931872559
74229568974
75137316786
77609847935
80275631110
81611779317
82345141882
85423368608
88060524020
88486700221
89340799976
93674597835
95344436648
98350319931
99006383335
