11570356962
13210121483
13369183033
14071882967
14404909867
15995119416
16162728630
18082958211
18136204105
24223159427
30925058646
31928456731
34432998074
35244936502
35987003990
36739055512
39229311197
39539667135
42904554585
45552533281
47672464827
50212305146
50697804331
60537530700
62060929654
64670158327
66611433440
69635785314
72102652650
74121302956
74947749621
74999757752
77823376239
78950541891
81148004952
87507718937
88544503755
88988546800
91155949595
95877256638
97458832321
98249979937
98581461134
