11603736005
13645736626
18382092315
21387097994
22272491743
22556613074
24453619147
28113031186
28585214393
29446298342
32667114278
33479466987
34660042080
35075152050
36023317420
36872618590
38958592911
41590586741
42089670678
43396413074
48220051709
49314394784
50570247108
56080856767
56978042804
61304361362
64068754869
65809195704
66502391370
67862294887
68527775832
71380177568
72050655007
72571710671
72763543991
73928796936
79352880994
80243491897
82465656605
84897029358
86351579713
88118830969
92760087664
95617101849
96832349731
97416714146
97988069963
99363827182
