10054182973
12058522862
13356422921
14268216055
15574546806
17843515832
22000563388
22279008369
23495695196
24820756734
26755823549
42293135010
45542499974
46507850715
47836924766
48580342558
48864198682
49041442564
52220254966
52300006476
63340636296
64052510219
66979572580
68235263003
68858962101
70515121251
71414245349
72002028210
72097811079
73388360282
74043568909
77457487904
77612072883
82852353147
82949391973
84090737796
87574780403
90990897512
92368480574
95707600712
98281220695
98372083033
