15977287752
16183603502
18832169651
19591517439
19906398226
22403534181
22889409033
24696861669
26960320404
33246765209
39174665300
39617140474
40545379123
41457295285
43362536755
43704348188
51213989420
51823152413
52553627254
54043987342
58060026053
58291053805
58528577875
65747390973
65962150744
66921379473
67484603147
70801616786
73552463228
77179385072
77554013341
80231327779
82978133380
85429671694
86823611354
87082578625
87567098196
88719829904
95600538914
95914826567
96819133277
98436631343
