11829431731
18001916874
21185726605
22133195915
24121797792
25487387810
26439427092
26677132934
28956825019
33417319848
35155293845
36101181772
36762669328
37055026925
37653466373
37701300295
38784514626
43585080918
43896731225
44881220414
52353189448
52707606523
52862089724
55674989325
58724282037
59853900873
60597831149
61487200493
63552190946
64256876802
67297983883
69551329668
70486337217
70827442607
71950842932
73420466217
75325773209
75390730114
76074955740
77318281694
80693326291
82114133200
82166258751
84977141813
91810631100
97161784093
97995489756
99484602449
