11245542170
11904640358
14901906190
16408477286
16542934638
17643830208
19883219995
20427141068
23327526018
24122284715
26902021646
31849034103
32711358114
33871632797
39498611997
40051838233
40112145821
40522598553
47775745374
48933841392
50116864899
51180509887
54136518939
54715656112
56204369244
56889463066
59764111856
62602534330
65003767522
69491426358
73657380414
74093344240
75638884065
76284879003
80746713447
81982473350
83186979902
88619948242
90583833441
90816629147
92469279177
93559403532
97867488780
