10736261703
11288851577
12706213207
14883510012
16962274832
22121416093
23520079993
28216790221
30553257206
31060583963
38150325692
38953036515
39565453974
39912758947
40437514855
40480231913
45265368747
49110993741
51603393483
52781076062
55732506919
56115923525
57715295223
57801799040
57918627778
58570126148
59307248214
59821484650
62679795620
65111040392
68631714652
68751822477
69988406794
75805337121
80847608539
82283568714
82297891794
82590584786
85945757851
87253393445
87344466157
88259987189
89536510685
90254942835
91078622782
94058467769
94529346174
99024922633
99836961550
