13091176928
14839507015
15602913044
18957617712
19766712775
25395520482
27988447268
31270185350
31356706780
31559431425
33440232747
36186447906
41597978008
45238606318
47341281656
48018843269
49514552158
49707858737
53164152136
53521410207
53534582276
55896437743
58139279773
60209591117
61972778775
67225977067
69157518093
69968130216
70569165499
70706172347
72854472712
72856230308
73790577752
77589142460
78106345694
79607406385
81562496929
82308662663
88651974129
89105261233
90699169748
95871617542
96281599828
99953964967
