10434983062
15161877048
18883356084
18971915898
20324421748
21623490178
21680545014
24346655855
24868536929
26030950878
26734767354
32667095122
32775324537
32957945013
35052383828
35081177428
35343871516
38653099169
40989865028
42882762301
44506491352
47089561869
50157600983
50909449091
57601021451
61801946134
66404086309
68038101220
68314564974
68451046276
69935430228
75518945808
78226974378
79589490149
79917607655
85984060045
90323771886
94222198731
94439247309
95102215824
95522031971
96717306407
99188817132
