11264212200
11324587483
16268514827
21129044003
21133442366
21385898198
21504909767
24099333650
27179854430
27413180366
29603968701
32398482734
35855219884
41928404234
42678705237
43307301891
44554385800
45453826778
46163520469
49347408942
51942032510
53047398410
55215537571
55730037515
59357232336
60629093938
61378475476
63474134413
67877298577
67896107517
70595350221
70691355955
70926438319
74837762681
75074250167
83588636278
86721658936
88891549711
89000263859
91617651998
93437754368
95347019484
97006499272
98721715012
98782927301
