12549039564
13923749402
15365979536
18606530435
22888329540
24235006608
25160359700
29528765039
32371492492
33673937166
36098643761
39964199583
40084526819
40680655057
41699267314
41743444221
42514214303
43573134002
45308025969
45749960567
46471906482
49064139471
54064346764
56572702976
59415548024
60686300924
62800502149
65940616822
66924077823
69450280359
71150809052
71868357670
77397232836
77558913714
78027771654
79711413458
80947017134
81926558352
83637665705
85333816878
86087785039
87176001125
87833112494
92305585547
93140157477
96255571320
99219061755
