14079658817
14300931548
16399827257
18627813089
20196387215
20698992327
22225988123
24015514859
24171288136
27097571617
28118389363
29106232973
29416581479
32094811925
35777742328
35923057758
37770581300
40098254881
43838440991
44757890917
47059470462
48149878953
53028642998
54136264019
55412673932
57374445596
57914887749
58872120498
63365296974
70509666068
73601789739
78320453912
80586098061
82399671110
83520309896
83653810795
86296568497
87411913758
91662750418
91803678562
97211577903
98204499497
