10510198538
13452259169
18501265075
20246117567
23624942173
25197746220
27123376970
29770254399
30611926489
31172906649
31711109491
33482711774
35254736624
35474974021
35665391969
37238087625
42107086033
44856351853
45728362113
49723691868
51714100834
54425151996
55060548833
56540028326
60715089450
61768310173
63675704582
64502541073
69274478732
69611114982
74392841593
74828078697
80521859488
80972857339
82530710021
83310175836
83666534810
83695139440
83698393349
84204949189
91939917517
92976455165
95681048277
98888957221
