10647264265
15823034856
16180395446
16282178408
16589381694
17447211939
19587943188
20929685115
26460472744
26836503992
27747885489
28990290863
30883346530
34648363653
39451310727
41678886395
43282465291
44123618903
45118717679
46948390184
51647228496
56752215663
56761115916
58193637810
59997101217
61349757528
62880839371
66490908325
69367856610
72585239068
72670109741
72919118034
73458392564
73950842623
74062035886
74378723413
75173807760
76100183387
82339667390
83697807037
84815681902
89427999662
91017757297
91799502295
92548689198
92612628900
92981327608
95643680733
96620812840
