13531069158
13633895974
15633531801
18883674891
21887390732
23458939733
24121227002
24213090603
27850739053
29473960620
29846586173
29983700374
30082574257
31118744044
32031453947
33480264626
33601937515
38467062746
38930092987
39366596140
40825227239
42124118192
42514168613
43313472929
47621284832
50178965210
50894864311
50898726168
52932547333
59543672393
60590223816
61870770277
62079242847
71353901300
78034071745
78326190269
85109108411
85529177205
88277493462
88684933022
89200930007
89487653341
95564829525
95820529247
