10790063067
10960694612
12338548388
16898911133
19086744036
20937219330
22427782098
25612195539
30210714693
32920280097
35293107136
36312108200
36856353575
37258009240
39561564449
42095324471
43494648039
45973594684
45983801442
49206177296
50469170573
57641985241
63781152483
65881689875
69276486331
71056506345
71548931996
72930652766
73616636605
76349552992
77541194518
78189913207
78429186424
79360089328
80319397507
80475296445
82020049302
82210237525
83034657945
85429175863
86108359644
92320674753
94901167746
97114889587
