11427696901
12019715557
16543706138
17284426340
17517321698
17641582285
19500903211
20615364608
24619479458
25797540757
27331840100
28605338396
29786823175
29849459893
30375042490
30542936452
31663772501
38178776739
38486191630
39265473260
51531402061
51774008726
52602038634
52982785406
53468781874
53704065221
54118465464
55381821773
55725817594
57254545245
58611299897
60563322783
62948292300
63630128154
67347003495
67883997618
71553716032
75032804194
79152224905
83219136857
84382197071
86671971590
91688028606
93688682924
95809616352
99448071477
