10136209810
10277916855
10385564114
13181586234
16242713080
25872990397
30221121344
31854951513
32260202437
35068884811
42390700594
43407656261
44127445367
49169868546
54249648957
55510606015
56332966321
58384370629
58853071352
61771335827
63115546419
66224494780
68164892672
68550355484
69822481884
70927463012
72023915809
73651219559
74315481439
75575259439
75888664996
80947989432
84633134186
86382425529
87834240380
88028267182
88231005265
89377762114
90258846193
90348392542
90740837259
94388163165
95645435226
97769227342
98392382226
