11766224221
12335115177
12835176648
16608474140
16681687390
17541775125
18518237003
20642555988
20844553002
25174195151
26078942257
29824612892
34046711133
37925288995
39003200537
42302875510
44779088194
47803904563
51932268475
52473538626
53168219285
54165563511
54698758296
55056132519
56898599904
61284759962
61600505762
63826487358
65959789802
67703041323
70051101322
70147221717
70700112261
74643385611
75255095589
83663545990
84047257586
85156818501
85974587478
86747125985
88599743606
91554615004
99935740977
