13752376257
14289399776
17293151703
17764486439
19380848866
19432444644
21311449295
21932592287
24139185277
30186239063
34026828699
35466269239
36612408612
37309620520
40427393310
41089763099
44073348252
49417112393
57937938528
57994891228
59864387733
67007476263
67102341825
68984543660
70023239794
72242848145
73903523141
74778025001
78282920534
79816397625
80740507319
81295969772
85286456086
86443284162
87096367684
87276978085
88460717184
89854775624
90973996918
95743290236
95869014895
98191261495
98955689935
