10981856890
11510268015
13548157782
14961732520
15782542736
17568147817
19216266122
20671791662
22869996665
26360954303
30187562196
32127747704
32311694814
32561564981
33508136056
33739927802
34341258498
37026502461
39017795719
40592870998
45020540655
45849744362
48055803601
48397040384
50610811071
54533449286
55520910736
55667390567
55921231918
59061547219
61097753503
63694457750
67182219871
70087819704
70642333445
75200643125
76388771781
77877814369
79615966897
81972194659
82905333194
84100985292
88085441495
88774249852
93159550782
96311670089
96349894419
97350789683
97775782895
98144628452
99398736504
99939589491
