11006338980
13427482093
13514757244
14678196147
15060431242
15175157012
19942614796
20023279656
20611744094
24282634863
25842005877
26753583868
27791300825
28429604984
33907624094
37970010967
39415333023
44202717130
45440456146
52112334798
53050229413
54590466005
58798900451
59042092248
59597998665
60763608093
61007090164
63447963653
65387821143
66022220736
68731921211
69183531261
72485810224
75892818585
76235989635
77882913030
78059348850
78423289250
79567125275
92351027630
93973301069
94292034977
94528384841
95947408147
96574562799
97597902560
97687920339
