11825761561
11901291067
17322401200
19768723003
21036402297
22267279276
28128324141
30021309233
31492057753
32941524281
34945994256
39303706941
40930173440
43266027591
44034612794
44867964376
46372505052
46442251054
47388387880
48714543375
55935897413
59066489902
59669866301
61766010486
62709566494
63591953878
65763516919
71272853511
71616891637
72754178706
80216038296
84336607106
84876733150
86434140387
86546626050
86790084534
87933940827
91016107889
94535012970
95505713459
96353269831
99093441683
99181756690
