13680446496
15951797652
19760783910
22679043822
25198667785
27002358654
29094817652
29110174572
30487144729
32832231406
36339637904
40907211586
42116347292
42727458648
45879946825
46105147468
46440987915
48297213392
49978761191
57339220926
57728152802
61663346233
62236515333
63829769204
65066860798
65687062827
69951270689
71518115815
71561648922
71787861308
72485623715
73161135463
73170193852
78611000048
81812637262
82878550675
85966584157
86278022999
87018223218
89130774502
89864682447
92495984449
94814742503
96019688284
97462561307
98797498947
99578708603
