13321173713
13523806199
13761284119
14580830671
16768896139
18018217131
19032880535
19503717279
19600451501
20499619095
21956101542
22424168428
22490430103
22577497776
25782867781
27606521006
29547825325
31839340350
31847349467
31947978028
34256188527
48656199828
50179231756
52397145199
56490018031
62221653721
63206963788
64250204735
66930709997
67088058755
68026951727
71997927908
72109266228
77158254769
77765366339
81162715057
81269671302
82220594981
83683585137
86564139814
87820139162
88229829972
88839314110
93534809509
94163893600
94963461700
96555065811
96960447727
99572489883
