16801388656
17078626853
17486853153
17653018496
20523101175
20907432799
21971715475
25214731787
26276309522
27870491756
28273273769
28637571223
28810668077
29511628521
30964324804
31770434076
32236034664
34403381368
36646161585
37254023009
41189503615
41402471651
43458138616
55627465138
68892447343
70921515731
71953728453
72580763213
73276702244
75285338207
75940805718
76339673619
76607911913
76874057754
79883537457
80667951184
80853402640
89892489590
93509937698
93532559804
93595624974
95741356446
96374637606
97340741144
98951668995
99304618781
