12053607744
13878258109
14369249509
16173540471
19618931169
20718226845
21289100994
22281059154
26941824517
27053102689
29197983843
31546662414
31826465494
36192553050
36275871756
42034853312
43201585540
45287463826
50187196073
52097389928
55211374916
61139033595
61392763334
62872435454
63208393469
64096302693
66483429145
70778786838
71193280979
72297243957
72559997117
75703057632
77023625062
79319387453
86514668138
88051859816
90748231980
94531676993
95412235644
98594722271
98920143410
99109208645
