10385238321
13507080581
16931782867
17232373474
17812567143
18415280339
19111065576
24470689147
30682300201
30881222318
33343676554
34527855333
35874329417
36589320238
36765341925
37901100844
38791731700
46005437777
46714019240
49656354729
50009387853
54200415167
54372973643
59744102489
64701898469
65842832844
66587651482
70795377635
70985228545
74146078204
74650183522
75651659411
78193931662
79655554420
81041246046
81842244317
82765108437
87072970290
88080757313
88845201261
90160491231
91769296228
92923639378
94826874229
