10325738250
12034706864
14049344886
14114886014
19668125175
19813818923
20224401398
20286282976
22996021083
27015620557
27623727468
29264219009
30274098665
33929045856
35562330128
37182175198
38996645488
39227621020
39346033997
43544716586
51801322150
54148550178
55602639224
57063638910
58159226299
58166104051
59028110722
61420974731
63042913942
65520262488
68232392267
69206230200
70332237473
72468247294
73223493814
73825744177
76621472076
78213952542
81363579603
85930204580
86551203001
91844099539
92538060548
94175419488
96148631031
96644935064
