13879048917
18261268685
21544584896
23280300159
23377685718
25793252162
27287500074
28388959496
29966714973
30564413636
34245566646
41919609217
42221154329
43898284216
44710048894
45820667454
48122008896
48280871192
51430841299
51637704830
56184677851
59388683423
59684360850
65613464790
69735347833
70559165190
71467804725
72970277136
73686209205
74525347281
74975460406
75753560303
76282758671
77987708789
78030028124
87011697681
87803744170
88085973355
88537397199
88649924954
90815138267
92681168426
93380307156
