12152709698
12690028629
17849159764
18196986153
21276701008
22072395661
22548665960
23723317977
24059440677
24072800257
25576812305
25962144756
25985194875
34693882722
37370487067
38844922492
42681766606
46182435220
48507317638
50160125820
51601370067
52548449260
53348870873
58265544619
59201436762
60270857029
62566061600
62650809073
63000504199
64038399624
71150660813
72531739295
72616473257
72942537334
75757896417
77328407088
80278438472
80465380643
83102548276
84800780574
88064931381
89446757335
92588673911
95010219966
95093069496
97147817541
97999362929
99503156667
