13277000032
18522027148
20724233402
22435689866
22764647158
23141627354
25456289727
25618467559
26769939348
27786259143
30975491398
31060301634
31592296372
32337694402
36507361144
37019818816
39860813712
41597574294
44842892024
45370498714
46029380756
46224934221
47289012552
48346898968
48714734770
50611854667
58519630452
58752708275
60053896680
64319914218
67088403457
68428033742
70952723677
76799545198
78744086286
81464599163
83419322530
83503749473
85228976713
86699395706
89654466413
90183092398
91686363417
94078419805
95133037653
