11821006474
11900244182
12324353679
15358849540
16651987691
19059424713
21545289250
22095812975
24264796389
24432250331
28650789385
32837158719
33646481228
34839789849
37018799309
41165527652
44323222956
52255108876
53096821524
54102296419
55064900449
60700654724
61733803378
62706419719
67512226996
70617142121
74102942626
75346310119
77487336453
77837904362
78186529091
79006112079
83475599696
84417114006
85555160570
87133701748
87990968008
88183972050
88945765167
93885076959
93940795447
96330176015
98095505322
99369382226
