10192581369
12418613229
12765312955
14147078284
15342747327
15956356311
18131520944
18308071031
20096530545
21594087007
23374943950
28199286073
28284808052
31375133156
33416914661
37771047777
38160496059
38609432171
41992397626
42783862940
47080195972
48796196723
50750388681
51622780621
53492175858
53534892723
57308218010
59459470885
63064363834
64339457953
64973502566
65134655619
67719772987
68776643868
72696253461
77590450389
79147550878
79756363392
79804245982
81997806473
82166841710
82375671243
82967016906
87700755784
94035339572
95095379936
95723592716
97252174705
99570655381
