10428554557
10578105546
11040083403
13476326318
17199365783
21684044146
24398407869
25644468218
29337170179
30376548106
32743839521
32929109649
34614268116
34887491697
35529045788
36219265601
37699765132
46031600658
46971724158
50581899519
50967668869
51023834045
57492987277
57740079198
63871437132
63989894260
65731803761
65886854941
66872089838
69556990212
73506177961
75210119671
81731073261
82164192881
84127430218
84339315933
85014551888
85410921389
85450712174
85827985024
86902117501
86933891018
87067596982
89087180955
90528416818
93468412605
98702743662
99347604324
