10178926666
10279442351
11675427340
12398386339
12452436431
12986430534
13644862698
13648516603
19410520111
22981726202
24453442213
24748097503
25351768207
25469200810
26792331920
34919853700
38077613898
39257428354
39804506198
43632570096
46018643929
48137256501
49138681182
49882220868
59864501982
62469059322
62600403180
62735436736
64457506177
68126340624
68510646722
68834178713
69188518315
69919934989
69988511115
74249675502
78968966862
84196652085
84876219687
86918817487
88384848232
96809297378
97323306464
