11018725958
18996130358
19059424653
19114720339
23899003830
25582272640
26856705079
28119854808
33983720270
35763886067
37043405557
38270505059
38801455605
40409804924
41982365388
42197228134
45810226009
46440992058
47928971833
49714614506
52313265797
53462833315
55259207531
58823799004
65999012610
69553816012
73031372035
74224785216
75494277595
77315097703
78466257879
78683749577
80746374499
84920621119
85410183507
86980568764
87276832465
89333835547
91667855363
96953813566
98376540334
99652944572
