10143846471
10666146250
14857183214
15147609254
22326598715
24343668858
26694885244
28210369221
31766211143
37627758522
38118717932
38617642047
38779677546
40379685453
40516265612
40692523943
42451893003
42902914786
43527854333
45355360526
46397494694
51293029349
52503895795
54966877862
55760019110
57502984278
58927145061
63356798422
64649700634
65460760773
70368907577
75576928874
77481505781
79030847383
79113692612
79443469310
79531481625
79677518704
80218631703
85932420915
86159996595
89461620847
90836272184
92158545118
92205522123
92940717153
94439109694
