12493138306
14491088490
15795751141
17392760807
17553289115
18415243259
18582595548
18782036871
22079277160
25877877534
25904850395
27126841489
29167339940
29783870226
30279382992
35062186713
41937760244
43222553416
45560386750
49888302908
51277555097
51593074919
52886616068
54336677959
59888115000
65743381995
68637558784
71578467041
71941912260
72078148914
72093886242
74140651390
75388339284
76434496975
77240993281
77660451447
78257557464
79264660624
80672500327
83546104310
84864119572
90696601434
91329335687
91780276568
96143180015
98767323958
99720336235
