13274672770
15054168169
15825126763
16544341812
17649470408
20737500626
22288911761
24794455905
25068533510
26606132575
34120371618
36754294906
37092020093
38629402855
42927415966
44593714070
48075356398
52574641736
53113872674
56053385997
57262220677
60752780987
61977256897
63662041080
67275020416
69701620229
75463194876
75801497169
77591282616
78653320482
79933558156
80955561903
83382350631
83839645184
85597296755
86072484823
87912528000
88174952077
90310057313
93012298456
93772814340
94016192301
94346353749
94356812080
94572339724
94623222220
99756395296
