15005148460
23751323754
24589737320
24660429877
25256399738
25830748205
26875664449
27727174065
28842584066
30553290259
31213654506
34702996358
35535841273
36033907793
39819020241
43147095076
44610836243
45178659364
48519731657
49502660048
49848117086
56604008298
59591742899
64848998854
70570952371
71303406780
71444823088
72510591064
76381317612
80571526082
81619980781
83530007950
85893083168
88815119776
89357117819
92894686774
93518043059
93800515736
95534898625
95647545185
99589929110
99598850339
