12658707339
15737129306
15928959202
16566320933
17811993318
22519665006
23253444552
25129638492
26058247871
27669220121
28296881317
28460770807
29640078156
31954443324
41009676645
48190325586
49323736821
49895238629
49947550815
52081197817
55160743533
56005582270
56006961240
61883807636
64416051451
65711889396
67915346042
68108086754
69180159939
69400243331
75469490181
76951411946
77728411519
81717952568
88599820878
89336170349
90636516087
92002128443
93690100109
94278725397
94816069227
96328740495
97197832325
98527059879
