11450454039
13997125553
14964784646
15658337233
16065105001
25551837374
26976219788
27505196491
29711229818
31945480300
32815576817
33136592146
33286933173
34593794632
35458458781
36159364141
37456917258
38021269598
40964310336
41639467314
42447736352
45716734914
49391619213
52936484748
54187065156
57815688096
58701316588
59319665569
63814197724
64644722818
66176668525
67691855866
72929266447
78160144653
79016422499
80487172697
80770051004
87571597889
90751815458
97262429479
97803079577
98228688687
99730544557
