13254611625
14347347162
17632958256
21576420074
23281025859
23399084541
25492483048
27113219187
28658791177
29403472183
30840931106
35145067182
35742524557
36776486461
40903396097
45001610754
45807213183
52056155501
59572781444
61509793101
62616142634
62877829451
63747451651
65833760138
68474473041
69166628219
73540045870
74910848502
75669500938
80730282452
81902096471
82073389003
82566411688
82823254435
83044240787
87744140382
87896033673
90014325298
90176470046
91432037861
93733863410
95249738488
