10837840302
12725730233
16655196499
21354711676
26215252681
27196409419
31541848585
32527234908
33375552204
33640585541
36106035855
38296605080
42246008186
44994942246
51176181411
52848279044
53926870275
56834935720
56874478141
57408670072
59126535632
61180384105
64501199222
64886780686
65307930047
65324810502
65896868659
68068565913
69458854028
69950511671
70843540243
73943149521
76435171771
78047704507
78752491318
84715597869
87189633547
88056820422
89348437360
93450927956
93459507570
93459904501
96569084901
97288078443
97385456553
