12669045547
12847023549
14975878286
17327252393
17398668625
20281133504
21140489211
22408635894
22569142974
22983346718
24054544458
27156026163
27686020588
30241644276
31527416050
31589709499
33499078184
36249952678
38083052630
38468284620
41471105937
43214004334
43226247333
45841883142
47920758969
52131261188
52300615494
56071128587
64074344335
66518788289
68573334771
70100843028
73615937031
80282814820
81122399682
83107230550
86334656382
90174449258
92331459003
94698432728
96477248725
97446880092
99056637440
99137758699
