10154430632
14952747242
17182914176
17470560778
19170168436
19499406883
21289620516
25543185249
34993161953
35347987914
35699925381
35863983132
37168109801
45211335855
45461753481
46819233034
48041487945
48166870200
51150244337
54137588838
54144158140
54694770467
59267307459
60536339283
61216666735
61756333211
63472252151
66804591272
69964496024
74373303057
80355589987
81184760563
81740467673
84640179825
87485205309
88703044592
88771655211
89377841093
91125663257
91236744184
91693456488
94773930642
97450316627
98601992915
99823513885
