11079371920
11517736847
12025936729
12498863935
19656710892
27139523079
27608418575
29571271025
30338880545
32747225638
33149646647
36061677253
41125505370
42765513640
46590072675
48661979209
49131247298
50972953136
52841397082
53245899307
54591964345
55360880174
57547505888
58487660533
59799954912
61978127317
64244161157
64736374461
66006200068
66125129598
72790618164
74402454288
75580089767
83653738644
84191645262
84325501081
84925251653
86792650089
87171806093
87797595832
92879198840
95987393834
96611979066
97053215184
97260808864
97723562058
