16236373219
23840631210
25252467697
26537271314
26656684096
29975933785
30868596026
32203264526
36927520696
39505670810
39847627362
42626774850
42836600398
44427849241
47629461829
54551539695
55140822492
58699640910
59504833756
60181830192
64345923098
65224784034
65569777374
66732929287
69104749657
69845614039
71923819258
72132183841
74212293206
76237962407
77362740643
81613286326
81768544333
84881903590
85210771350
85221931509
87100042290
87852994753
89490217015
91241597046
96792280774
98444986050
