10625015613
13471197870
16639025452
16737205833
17946844324
18881676188
20746389329
20989657877
22832540320
24789382345
26029130705
29210638751
32523093127
32536618032
33992539603
35533214348
36938123323
49229934671
53321611901
55417723247
56370980152
62188936304
63188530339
65354192830
67334209424
67859025872
70227418255
72415709692
72607671056
72922158106
73179063786
75060459551
77421534803
78367075591
80226384853
82969811694
84769374719
86278064310
89792454264
92316221248
96653976651
98021022862
