10565454945
11153034390
11237932643
11465842595
12823807445
13802882966
14938483070
15250016622
19435623581
20767376062
21358554839
26821848913
28293265123
28481593979
34361460456
36281204807
36282464592
36890416815
40513288290
41313791021
48255894065
53002097725
54963062504
56860549877
58535952559
58691092085
59823129342
60596613743
60903008864
62396122796
62986428102
63523507902
64163006975
64259642643
64789517195
66201714013
67438365461
67973692992
76162236179
79460726621
88645100082
88872556910
